       8 |     0.0000 |     0.0000 |   0.0090
      16 |     0.0000 |     0.0000 |   0.0070
      32 |     0.0000 |     0.0000 |   0.0140
      64 |     0.0000 |     0.0000 |   0.0330
     128 |     0.0000 |     0.0000 |   0.0810
     256 |     0.0000 |     0.0000 |   0.2370
     512 |     0.0000 |     0.0000 |   0.7890
    1024 |     0.0000 |     0.0000 |   2.6600
    2048 |     0.0000 |     1.0000 |   7.6440
    4096 |     0.0000 |     0.0000 |   22.3700
    8192 |     0.0000 |     1.0000 |   47.8180
   16384 |     1.0000 |     1.0000 |   176.9330
   32768 |     2.0000 |     2.0000 |   731.8590
   65536 |     6.0000 |     5.0000 |   2723.0850
  131072 |    11.0000 |    11.0000 |   10583.2920