|       8 |     0.0000 |     0.0000 |     0.0000 |     0.0000 |
|      16 |     0.0000 |     0.0000 |     0.0000 |     0.0000 |
|      32 |     0.0000 |     0.0000 |     0.0000 |     0.0000 |
|      64 |     0.0000 |     0.0000 |     0.0000 |     0.0000 |
|     128 |     0.0000 |     0.0000 |     0.0000 |     0.0000 |
|     256 |     0.0000 |     0.0000 |     0.0000 |     0.0000 |
|     512 |     0.0000 |     1.0000 |     0.0000 |     0.0000 |
|    1024 |     1.0000 |     1.0000 |     0.0000 |     0.0000 |
|    2048 |     6.0000 |     3.0000 |     0.0000 |     1.0000 |
|    4096 |    22.0000 |    13.0000 |     0.0000 |     0.0000 |
|    8192 |    90.0000 |    48.0000 |     0.0000 |     1.0000 |
|   16384 |   357.0000 |   191.0000 |     1.0000 |     1.0000 |
|   32768 |  1418.0000 |   770.0000 |     2.0000 |     2.0000 |
|   65536 |  5906.0000 |  3184.0000 |     6.0000 |     5.0000 |
|  131072 | 28279.0000 | 12811.0000 |    11.0000 |    11.0000 |
